1
0
1
000000 000000 000000 000000 000000 000000 000000 000000 000000 000000 000000 000000 000000 000000 000000 000000 000000 000000 000000 000000 000000 000000 000000 000000 000000 000000 000000 000000 000000 000000 000000 000000 000000 000000 000000 000000 000000 000000 000000 000000 000000 000000 000000 000000 000000 000000 000000 000000 000000 000000 000000 000000 000000 000000 000000 000000 000000 000000 000000 000000 000000 000000 000000 000000
000000 000000 000000 000000 000000 000000 000000 000000 000000 000000 000000 000000 000000 000000 000000 000000 000000 000000 000000 000000 000000 000000 000000 000000 000000 000000 000000 000000 000000 000000 000000 000000 000000 000000 000000 000000 000000 000000 000000 000000 000000 000000 000000 000000 000000 000000 000000 000000 000000 000000 000000 000000 000000 000000 000000 000000 000000 000000 000000 000000 000000 000000 000000 000000
000000 000000 000000 000000 000000 000000 000000 000000 000000 000000 000000 000000 000000 000000 000000 000000 000000 000000 000000 000000 000000 000000 000000 000000 000000 000000 000000 000000 000000 000000 000000 000000 000000 000000 000000 000000 000000 000000 000000 000000 000000 000000 000000 000000 000000 000000 000000 000000 000000 000000 000000 000000 000000 000000 000000 000000 000000 000000 000000 000000 000000 000000 000000 000000
000000 000000 000000 000000 000000 000000 000000 000000 000000 000000 000000 000000 000000 000000 000000 000000 000000 000000 000000 000000 000000 000000 000000 000000 000000 000000 000000 000000 000000 000000 000000 000000 000000 000000 000000 000000 000000 000000 000000 000000 000000 000000 000000 000000 000000 000000 000000 000000 000000 000000 000000 000000 000000 000000 000000 000000 000000 000000 000000 000000 000000 000000 000000 000000
000000 000000 000000 000000 000000 000000 000000 000000 000000 000000 000000 000000 000000 000000 000000 000000 000000 000000 000000 000000 000000 000000 000000 000000 000000 000000 000000 000000 000000 000000 000000 000000 000000 000000 000000 000000 000000 000000 000000 000000 000000 000000 000000 000000 000000 000000 000000 000000 000000 000000 000000 000000 000000 000000 000000 000000 000000 000000 000000 000000 000000 000000 000000 000000
000000 000000 000000 000000 000000 000000 000000 000000 000000 000000 000000 000000 000000 000000 000000 000000 000000 000000 000000 000000 000000 000000 000000 000000 000000 000000 000000 000000 000000 000000 000000 000000 000000 000000 000000 000000 000000 000000 000000 000000 000000 000000 000000 000000 000000 000000 000000 000000 000000 000000 000000 000000 000000 000000 000000 000000 000000 000000 000000 000000 000000 000000 000000 000000
000000 000000 000000 000000 000000 000000 000000 000000 000000 000000 000000 000000 000000 000000 000000 000000 000000 000000 000000 000000 000000 000000 000000 000000 000000 000000 000000 000000 000000 000000 000000 000000 000000 000000 000000 000000 000000 000000 000000 000000 000000 000000 000000 000000 000000 000000 000000 000000 000000 000000 000000 000000 000000 000000 000000 000000 000000 000000 000000 000000 000000 000000 000000 000000
000000 000000 000000 000000 000000 000000 000000 000000 000000 000000 000000 000000 000000 000000 000000 000000 000000 000000 000000 000000 000000 000000 000000 000000 000000 000000 000000 000000 000000 000000 000000 000000 000000 000000 000000 000000 000000 000000 000000 000000 000000 000000 000000 000000 000000 000000 000000 000000 000000 000000 000000 000000 000000 000000 000000 000000 000000 000000 000000 000000 000000 000000 000000 000000
000000 000000 000000 000000 000000 000000 000000 000000 000000 000000 000000 000000 000000 000000 000000 000000 000000 000000 000000 000000 000000 000000 000000 000000 000000 000000 000000 000000 000000 000000 000000 000000 000000 000000 000000 000000 000000 000000 000000 000000 000000 000000 000000 000000 000000 000000 000000 000000 000000 000000 000000 000000 000000 000000 000000 000000 000000 000000 000000 000000 000000 000000 000000 000000
000000 000000 000000 000000 000000 000000 000000 000000 000000 000000 000000 000000 000000 000000 000000 000000 000000 000000 000000 000000 000000 000000 000000 000000 000000 000000 000000 000000 000000 000000 000000 000000 000000 000000 000000 000000 000000 000000 000000 000000 000000 000000 000000 000000 000000 000000 000000 000000 000000 000000 000000 000000 000000 000000 000000 000000 000000 000000 000000 000000 000000 000000 000000 000000
000000 000000 000000 000000 000000 000000 000000 000000 000000 000000 000000 000000 000000 000000 000000 000000 00ffff 00ffff 00ffff 00ffff 00ffff 00ffff 00ffff 00ffff 00ffff 00ffff 00ffff 00ffff 00ffff 00ffff 00ffff 00ffff 00ffff 00ffff 00ffff 00ffff 00ffff 00ffff 00ffff 00ffff 00ffff 00ffff 00ffff 00ffff 00ffff 00ffff 00ffff 00ffff 000000 000000 000000 000000 000000 000000 000000 000000 000000 000000 000000 000000 000000 000000 000000 000000
000000 000000 000000 000000 000000 000000 000000 000000 000000 000000 000000 000000 000000 000000 000000 000000 00ffff 00ffff 00ffff 00ffff 00ffff 00ffff 00ffff 00ffff 00ffff 00ffff 00ffff 00ffff 00ffff 00ffff 00ffff 00ffff 00ffff 00ffff 00ffff 00ffff 00ffff 00ffff 00ffff 00ffff 00ffff 00ffff 00ffff 00ffff 00ffff 00ffff 00ffff 00ffff 000000 000000 000000 000000 000000 000000 000000 000000 000000 000000 000000 000000 000000 000000 000000 000000
000000 000000 000000 000000 000000 000000 000000 000000 000000 000000 000000 000000 000000 000000 000000 000000 00ffff 00ffff 00ffff 00ffff 00ffff 00ffff 00ffff 00ffff 00ffff 00ffff 00ffff 00ffff 00ffff 00ffff 00ffff 00ffff 00ffff 00ffff 00ffff 00ffff 00ffff 00ffff 00ffff 00ffff 00ffff 00ffff 00ffff 00ffff 00ffff 00ffff 00ffff 00ffff 000000 000000 000000 000000 000000 000000 000000 000000 000000 000000 000000 000000 000000 000000 000000 000000
000000 000000 000000 000000 000000 000000 000000 000000 000000 000000 000000 000000 000000 000000 000000 000000 00ffff 00ffff 00ffff 00ffff 00ffff 00ffff 00ffff 00ffff 00ffff 00ffff 00ffff 00ffff 00ffff 00ffff 00ffff 00ffff 00ffff 00ffff 00ffff 00ffff 00ffff 00ffff 00ffff 00ffff 00ffff 00ffff 00ffff 00ffff 00ffff 00ffff 00ffff 00ffff 000000 000000 000000 000000 000000 000000 000000 000000 000000 000000 000000 000000 000000 000000 000000 000000
000000 000000 000000 000000 000000 000000 000000 000000 000000 000000 000000 000000 000000 000000 000000 000000 00ffff 00ffff 00ffff 00ffff 00ffff 00ffff 00ffff 00ffff 00ffff 00ffff 00ffff 00ffff 00ffff 00ffff 00ffff 00ffff 00ffff 00ffff 00ffff 00ffff 00ffff 00ffff 00ffff 00ffff 00ffff 00ffff 00ffff 00ffff 00ffff 00ffff 00ffff 00ffff 000000 000000 000000 000000 000000 000000 000000 000000 000000 000000 000000 000000 000000 000000 000000 000000
000000 000000 000000 000000 000000 000000 000000 000000 000000 000000 000000 000000 000000 000000 000000 000000 00ffff 00ffff 00ffff 00ffff 00ffff 00ffff 00ffff 00ffff 00ffff 00ffff 00ffff 00ffff 00ffff 00ffff 00ffff 00ffff 00ffff 00ffff 00ffff 00ffff 00ffff 00ffff 00ffff 00ffff 00ffff 00ffff 00ffff 00ffff 00ffff 00ffff 00ffff 00ffff 000000 000000 000000 000000 000000 000000 000000 000000 000000 000000 000000 000000 000000 000000 000000 000000
000000 000000 000000 000000 000000 000000 000000 000000 000000 000000 000000 000000 000000 000000 000000 000000 00ffff 00ffff 00ffff 00ffff 00ffff 00ffff 00ffff 00ffff 00ffff 00ffff 00ffff 00ffff 00ffff 00ffff 00ffff 00ffff 00ffff 00ffff 00ffff 00ffff 00ffff 00ffff 00ffff 00ffff 00ffff 00ffff 00ffff 00ffff 00ffff 00ffff 00ffff 00ffff 000000 000000 000000 000000 000000 000000 000000 000000 000000 000000 000000 000000 000000 000000 000000 000000
000000 000000 000000 000000 000000 000000 000000 000000 000000 000000 000000 000000 000000 000000 000000 000000 00ffff 00ffff 00ffff 00ffff 00ffff 00ffff 00ffff 00ffff 00ffff 00ffff 00ffff 00ffff 00ffff 00ffff 00ffff 00ffff 00ffff 00ffff 00ffff 00ffff 00ffff 00ffff 00ffff 00ffff 00ffff 00ffff 00ffff 00ffff 00ffff 00ffff 00ffff 00ffff 000000 000000 000000 000000 000000 000000 000000 000000 000000 000000 000000 000000 000000 000000 000000 000000
000000 000000 000000 000000 000000 000000 000000 000000 000000 000000 000000 000000 000000 000000 000000 000000 00ffff 00ffff 00ffff 00ffff 00ffff 00ffff 00ffff 00ffff 00ffff 00ffff 00ffff 00ffff 00ffff 00ffff 00ffff 00ffff 00ffff 00ffff 00ffff 00ffff 00ffff 00ffff 00ffff 00ffff 00ffff 00ffff 00ffff 00ffff 00ffff 00ffff 00ffff 00ffff 000000 000000 000000 000000 000000 000000 000000 000000 000000 000000 000000 000000 000000 000000 000000 000000
000000 000000 000000 000000 000000 000000 000000 000000 000000 000000 000000 000000 000000 000000 000000 000000 00ffff 00ffff 00ffff 00ffff 00ffff 00ffff 00ffff 00ffff 00ffff 00ffff 00ffff 00ffff 00ffff 00ffff 00ffff 00ffff 00ffff 00ffff 00ffff 00ffff 00ffff 00ffff 00ffff 00ffff 00ffff 00ffff 00ffff 00ffff 00ffff 00ffff 00ffff 00ffff 000000 000000 000000 000000 000000 000000 000000 000000 000000 000000 000000 000000 000000 000000 000000 000000
000000 000000 000000 000000 000000 000000 000000 000000 000000 000000 000000 000000 000000 000000 000000 000000 00ffff 00ffff 00ffff 00ffff 00ffff 00ffff 00ffff 00ffff 00ffff 00ffff 00ffff 00ffff 00ffff 00ffff 00ffff 00ffff 00ffff 00ffff 00ffff 00ffff 00ffff 00ffff 00ffff 00ffff 00ffff 00ffff 00ffff 00ffff 00ffff 00ffff 00ffff 00ffff 000000 000000 000000 000000 000000 000000 000000 000000 000000 000000 000000 000000 000000 000000 000000 000000
000000 000000 000000 000000 000000 000000 000000 000000 000000 000000 000000 000000 000000 000000 000000 000000 00ffff 00ffff 00ffff 00ffff 00ffff 00ffff 00ffff 00ffff 00ffff 00ffff 00ffff 00ffff 00ffff 00ffff 00ffff 00ffff 00ffff 00ffff 00ffff 00ffff 00ffff 00ffff 00ffff 00ffff 00ffff 00ffff 00ffff 00ffff 00ffff 00ffff 00ffff 00ffff 000000 000000 000000 000000 000000 000000 000000 000000 000000 000000 000000 000000 000000 000000 000000 000000
000000 000000 000000 000000 000000 000000 000000 000000 000000 000000 000000 000000 000000 000000 000000 000000 00ffff 00ffff 00ffff 00ffff 00ffff 00ffff 00ffff 00ffff 00ffff 00ffff 00ffff 00ffff 00ffff 00ffff 00ffff 00ffff 00ffff 00ffff 00ffff 00ffff 00ffff 00ffff 00ffff 00ffff 00ffff 00ffff 00ffff 00ffff 00ffff 00ffff 00ffff 00ffff 000000 000000 000000 000000 000000 000000 000000 000000 000000 000000 000000 000000 000000 000000 000000 000000
000000 000000 000000 000000 000000 000000 000000 000000 000000 000000 000000 000000 000000 000000 000000 000000 00ffff 00ffff 00ffff 00ffff 00ffff 00ffff 00ffff 00ffff 00ffff 00ffff 00ffff 00ffff 00ffff 00ffff 00ffff 00ffff 00ffff 00ffff 00ffff 00ffff 00ffff 00ffff 00ffff 00ffff 00ffff 00ffff 00ffff 00ffff 00ffff 00ffff 00ffff 00ffff 000000 000000 000000 000000 000000 000000 000000 000000 000000 000000 000000 000000 000000 000000 000000 000000
000000 000000 000000 000000 000000 000000 000000 000000 000000 000000 000000 000000 000000 000000 000000 000000 00ffff 00ffff 00ffff 00ffff 00ffff 00ffff 00ffff 00ffff 00ffff 00ffff 00ffff 00ffff 00ffff 00ffff 00ffff 00ffff 00ffff 00ffff 00ffff 00ffff 00ffff 00ffff 00ffff 00ffff 00ffff 00ffff 00ffff 00ffff 00ffff 00ffff 00ffff 00ffff 000000 000000 000000 000000 000000 000000 000000 000000 000000 000000 000000 000000 000000 000000 000000 000000
000000 000000 000000 000000 000000 000000 000000 000000 000000 000000 000000 000000 000000 000000 000000 000000 00ffff 00ffff 00ffff 00ffff 00ffff 00ffff 00ffff 00ffff 00ffff 00ffff 00ffff 00ffff 00ffff 00ffff 00ffff 00ffff 00ffff 00ffff 00ffff 00ffff 00ffff 00ffff 00ffff 00ffff 00ffff 00ffff 00ffff 00ffff 00ffff 00ffff 00ffff 00ffff 000000 000000 000000 000000 000000 000000 000000 000000 000000 000000 000000 000000 000000 000000 000000 000000
000000 000000 000000 000000 000000 000000 000000 000000 000000 000000 000000 000000 000000 000000 000000 000000 00ffff 00ffff 00ffff 00ffff 00ffff 00ffff 00ffff 00ffff 00ffff 00ffff 00ffff 00ffff 00ffff 00ffff 00ffff 00ffff 00ffff 00ffff 00ffff 00ffff 00ffff 00ffff 00ffff 00ffff 00ffff 00ffff 00ffff 00ffff 00ffff 00ffff 00ffff 00ffff 000000 000000 000000 000000 000000 000000 000000 000000 000000 000000 000000 000000 000000 000000 000000 000000
000000 000000 000000 000000 000000 000000 000000 000000 000000 000000 000000 000000 000000 000000 000000 000000 00ffff 00ffff 00ffff 00ffff 00ffff 00ffff 00ffff 00ffff 00ffff 00ffff 00ffff 00ffff 00ffff 00ffff 00ffff 00ffff 00ffff 00ffff 00ffff 00ffff 00ffff 00ffff 00ffff 00ffff 00ffff 00ffff 00ffff 00ffff 00ffff 00ffff 00ffff 00ffff 000000 000000 000000 000000 000000 000000 000000 000000 000000 000000 000000 000000 000000 000000 000000 000000
000000 000000 000000 000000 000000 000000 000000 000000 000000 000000 000000 000000 000000 000000 000000 000000 00ffff 00ffff 00ffff 00ffff 00ffff 00ffff 00ffff 00ffff 00ffff 00ffff 00ffff 00ffff 00ffff 00ffff 00ffff 00ffff 00ffff 00ffff 00ffff 00ffff 00ffff 00ffff 00ffff 00ffff 00ffff 00ffff 00ffff 00ffff 00ffff 00ffff 00ffff 00ffff 000000 000000 000000 000000 000000 000000 000000 000000 000000 000000 000000 000000 000000 000000 000000 000000
000000 000000 000000 000000 000000 000000 000000 000000 000000 000000 000000 000000 000000 000000 000000 000000 00ffff 00ffff 00ffff 00ffff 00ffff 00ffff 00ffff 00ffff 00ffff 00ffff 00ffff 00ffff 00ffff 00ffff 00ffff 00ffff 00ffff 00ffff 00ffff 00ffff 00ffff 00ffff 00ffff 00ffff 00ffff 00ffff 00ffff 00ffff 00ffff 00ffff 00ffff 00ffff 000000 000000 000000 000000 000000 000000 000000 000000 000000 000000 000000 000000 000000 000000 000000 000000
000000 000000 000000 000000 000000 000000 000000 000000 000000 000000 000000 000000 000000 000000 000000 000000 000000 000000 000000 000000 000000 000000 000000 000000 000000 000000 000000 000000 000000 000000 000000 000000 000000 000000 000000 000000 000000 000000 000000 000000 000000 000000 000000 000000 000000 000000 000000 000000 000000 000000 000000 000000 000000 000000 000000 000000 000000 000000 000000 000000 000000 000000 000000 000000
000000 000000 000000 000000 000000 000000 000000 000000 000000 000000 000000 000000 000000 000000 000000 000000 000000 000000 000000 000000 000000 000000 000000 000000 000000 000000 000000 000000 000000 000000 000000 000000 000000 000000 000000 000000 000000 000000 000000 000000 000000 000000 000000 000000 000000 000000 000000 000000 000000 000000 000000 000000 000000 000000 000000 000000 000000 000000 000000 000000 000000 000000 000000 000000
000000 000000 000000 000000 000000 000000 000000 000000 000000 000000 000000 000000 000000 000000 000000 000000 000000 000000 000000 000000 000000 000000 000000 000000 000000 000000 000000 000000 000000 000000 000000 000000 000000 000000 000000 000000 000000 000000 000000 000000 000000 000000 000000 000000 000000 000000 000000 000000 000000 000000 000000 000000 000000 000000 000000 000000 000000 000000 000000 000000 000000 000000 000000 000000
000000 000000 000000 000000 000000 000000 000000 000000 000000 000000 000000 000000 000000 000000 000000 000000 000000 000000 000000 000000 000000 000000 000000 000000 000000 000000 000000 000000 000000 000000 000000 000000 000000 000000 000000 000000 000000 000000 000000 000000 000000 000000 000000 000000 000000 000000 000000 000000 000000 000000 000000 000000 000000 000000 000000 000000 000000 000000 000000 000000 000000 000000 000000 000000
000000 000000 000000 000000 000000 000000 000000 000000 000000 000000 000000 000000 000000 000000 000000 000000 000000 000000 000000 000000 000000 000000 000000 000000 000000 000000 000000 000000 000000 000000 000000 000000 000000 000000 000000 000000 000000 000000 000000 000000 000000 000000 000000 000000 000000 000000 000000 000000 000000 000000 000000 000000 000000 000000 000000 000000 000000 000000 000000 000000 000000 000000 000000 000000
000000 000000 000000 000000 000000 000000 000000 000000 000000 000000 000000 000000 000000 000000 000000 000000 000000 000000 000000 000000 000000 000000 000000 000000 000000 000000 000000 000000 000000 000000 000000 000000 000000 000000 000000 000000 000000 000000 000000 000000 000000 000000 000000 000000 000000 000000 000000 000000 000000 000000 000000 000000 000000 000000 000000 000000 000000 000000 000000 000000 000000 000000 000000 000000
000000 000000 000000 000000 000000 000000 000000 000000 000000 000000 000000 000000 000000 000000 000000 000000 000000 000000 000000 000000 000000 000000 000000 000000 000000 000000 000000 000000 000000 000000 000000 000000 000000 000000 000000 000000 000000 000000 000000 000000 000000 000000 000000 000000 000000 000000 000000 000000 000000 000000 000000 000000 000000 000000 000000 000000 000000 000000 000000 000000 000000 000000 000000 000000
000000 000000 000000 000000 000000 000000 000000 000000 000000 000000 000000 000000 000000 000000 000000 000000 000000 000000 000000 000000 000000 000000 000000 000000 000000 000000 000000 000000 000000 000000 000000 000000 000000 000000 000000 000000 000000 000000 000000 000000 000000 000000 000000 000000 000000 000000 000000 000000 000000 000000 000000 000000 000000 000000 000000 000000 000000 000000 000000 000000 000000 000000 000000 000000
000000 000000 000000 000000 000000 000000 000000 000000 000000 000000 000000 000000 000000 000000 000000 000000 000000 000000 000000 000000 000000 000000 000000 000000 000000 000000 000000 000000 000000 000000 000000 000000 000000 000000 000000 000000 000000 000000 000000 000000 000000 000000 000000 000000 000000 000000 000000 000000 000000 000000 000000 000000 000000 000000 000000 000000 000000 000000 000000 000000 000000 000000 000000 000000
000000 000000 000000 000000 000000 000000 000000 000000 000000 000000 000000 000000 000000 000000 000000 000000 000000 000000 000000 000000 000000 000000 000000 000000 000000 000000 000000 000000 000000 000000 000000 000000 000000 000000 000000 000000 000000 000000 000000 000000 000000 000000 000000 000000 000000 000000 000000 000000 000000 000000 000000 000000 000000 000000 000000 000000 000000 000000 000000 000000 000000 000000 000000 000000
