0: 0 0 0
1: 14 14 12
2: 29 27 25
3: 43 41 37
4: 58 55 49
5: 72 68 62
6: 87 82 74
7: 101 96 87
8: 116 109 99
9: 131 123 112
10: 145 137 124
11: 160 150 137
12: 175 164 150
13: 189 178 162
14: 204 192 175
15: 219 205 188
16: 234 219 201
17: 248 233 214
18: 263 247 226
19: 278 260 239
20: 293 274 252
21: 308 288 265
22: 322 302 278
23: 337 316 292
24: 352 330 305
25: 367 344 318
26: 382 357 331
27: 397 371 344
28: 412 385 358
29: 427 399 371
30: 442 413 384
31: 457 427 398
32: 472 441 411
33: 487 455 424
34: 502 469 438
35: 517 483 451
36: 532 497 465
37: 548 511 479
38: 563 525 492
39: 578 539 506
40: 593 553 519
41: 608 567 533
42: 624 581 547
43: 639 595 561
44: 654 609 574
45: 669 623 588
46: 685 637 602
47: 700 651 616
48: 715 665 630
49: 731 679 644
50: 746 693 658
51: 761 707 672
52: 777 721 686
53: 792 735 700
54: 807 749 714
55: 823 764 728
56: 838 778 742
57: 854 792 756
58: 869 806 770
59: 885 820 785
60: 900 834 799
61: 916 848 813
62: 931 863 827
63: 947 877 842
64: 962 891 856
65: 978 905 870
66: 993 919 885
67: 1009 934 899
68: 1024 948 914
69: 1040 962 928
70: 1055 976 943
71: 1071 990 957
72: 1087 1005 972
73: 1102 1019 986
74: 1118 1033 1001
75: 1134 1047 1015
76: 1149 1062 1030
77: 1165 1076 1044
78: 1181 1090 1059
79: 1196 1105 1074
80: 1212 1119 1088
81: 1228 1133 1103
82: 1244 1147 1118
83: 1259 1162 1133
84: 1275 1176 1147
85: 1291 1190 1162
86: 1307 1205 1177
87: 1322 1219 1192
88: 1338 1233 1207
89: 1354 1248 1222
90: 1370 1262 1236
91: 1386 1276 1251
92: 1401 1291 1266
93: 1417 1305 1281
94: 1433 1319 1296
95: 1449 1334 1311
96: 1465 1348 1326
97: 1481 1363 1341
98: 1497 1377 1356
99: 1512 1391 1371
100: 1528 1406 1386
101: 1544 1420 1401
102: 1560 1435 1416
103: 1577 1449 1431
104: 1593 1463 1446
105: 1609 1478 1461
106: 1626 1492 1476
107: 1642 1507 1492
108: 1659 1521 1507
109: 1676 1535 1522
110: 1692 1550 1537
111: 1709 1564 1552
112: 1725 1579 1568
113: 1741 1594 1584
114: 1757 1609 1600
115: 1773 1623 1616
116: 1789 1638 1632
117: 1804 1653 1649
118: 1819 1668 1665
119: 1834 1683 1681
120: 1849 1698 1698
121: 1864 1712 1714
122: 1878 1727 1730
123: 1893 1742 1746
124: 1907 1756 1762
125: 1921 1770 1778
126: 1936 1785 1793
127: 1950 1799 1808
128: 1965 1813 1823
129: 1979 1826 1837
130: 1994 1840 1852
131: 2009 1854 1866
132: 2024 1867 1880
133: 2040 1880 1894
134: 2055 1894 1908
135: 2072 1907 1922
136: 2088 1920 1937
137: 2104 1933 1951
138: 2121 1947 1965
139: 2138 1960 1979
140: 2155 1973 1993
141: 2172 1987 2008
142: 2190 2001 2023
143: 2207 2014 2038
144: 2224 2028 2053
145: 2242 2043 2068
146: 2259 2057 2084
147: 2276 2072 2100
148: 2293 2086 2116
149: 2310 2101 2132
150: 2327 2116 2148
151: 2343 2131 2165
152: 2360 2147 2181
153: 2377 2162 2198
154: 2394 2177 2214
155: 2410 2193 2231
156: 2427 2208 2247
157: 2444 2224 2263
158: 2460 2239 2280
159: 2477 2255 2296
160: 2494 2270 2312
161: 2510 2285 2328
162: 2527 2301 2345
163: 2544 2316 2361
164: 2560 2331 2377
165: 2577 2346 2393
166: 2594 2362 2409
167: 2610 2377 2425
168: 2627 2392 2441
169: 2644 2407 2458
170: 2660 2423 2474
171: 2677 2438 2490
172: 2693 2453 2506
173: 2710 2468 2522
174: 2726 2483 2538
175: 2743 2499 2554
176: 2760 2514 2570
177: 2776 2529 2585
178: 2793 2544 2601
179: 2809 2559 2617
180: 2826 2574 2633
181: 2842 2589 2649
182: 2859 2604 2665
183: 2875 2619 2680
184: 2892 2634 2696
185: 2908 2649 2712
186: 2925 2664 2727
187: 2941 2679 2743
188: 2958 2694 2759
189: 2974 2709 2775
190: 2991 2724 2790
191: 3008 2738 2806
192: 3024 2753 2821
193: 3041 2768 2837
194: 3057 2783 2853
195: 3074 2798 2868
196: 3090 2812 2884
197: 3107 2827 2899
198: 3124 2842 2915
199: 3140 2857 2931
200: 3157 2871 2946
201: 3173 2886 2962
202: 3190 2901 2977
203: 3207 2916 2993
204: 3224 2930 3008
205: 3240 2945 3024
206: 3257 2960 3040
207: 3274 2975 3055
208: 3290 2989 3071
209: 3307 3004 3086
210: 3324 3019 3102
211: 3341 3034 3118
212: 3358 3049 3133
213: 3375 3063 3149
214: 3392 3078 3164
215: 3408 3093 3180
216: 3425 3108 3196
217: 3442 3123 3211
218: 3459 3137 3227
219: 3477 3152 3243
220: 3494 3167 3259
221: 3511 3182 3274
222: 3528 3197 3290
223: 3545 3212 3306
224: 3562 3227 3322
225: 3579 3242 3338
226: 3596 3256 3353
227: 3614 3271 3369
228: 3631 3286 3385
229: 3648 3301 3401
230: 3665 3316 3417
231: 3683 3332 3433
232: 3700 3347 3449
233: 3717 3362 3465
234: 3734 3377 3481
235: 3751 3392 3497
236: 3769 3407 3513
237: 3786 3422 3529
238: 3803 3438 3545
239: 3820 3453 3562
240: 3837 3468 3578
241: 3855 3484 3594
242: 3872 3499 3610
243: 3889 3514 3626
244: 3906 3530 3642
245: 3923 3545 3658
246: 3940 3560 3675
247: 3957 3576 3691
248: 3974 3591 3707
249: 3992 3607 3723
250: 4009 3622 3739
251: 4026 3638 3755
252: 4042 3653 3772
253: 4059 3668 3788
254: 4076 3684 3804
255: 4093 3699 3820
256: 4110 3715 3836
257: 4127 3730 3852
258: 4144 3746 3868
259: 4160 3761 3885
260: 4177 3777 3901
261: 4194 3792 3917
262: 4210 3808 3933
263: 4227 3823 3949
264: 4244 3839 3965
265: 4260 3854 3981
266: 4277 3869 3997
267: 4294 3885 4013
268: 4310 3900 4029
269: 4327 3916 4045
270: 4344 3931 4061
271: 4360 3946 4076
272: 4377 3962 4092
273: 4393 3977 4108
274: 4410 3992 4124
275: 4426 4008 4140
276: 4443 4023 4155
277: 4459 4038 4171
278: 4476 4053 4187
279: 4492 4069 4203
280: 4509 4084 4218
281: 4525 4099 4234
282: 4542 4114 4250
283: 4558 4129 4265
284: 4575 4144 4281
285: 4591 4159 4296
286: 4607 4174 4312
287: 4624 4189 4328
288: 4640 4204 4343
289: 4657 4219 4359
290: 4673 4234 4374
291: 4690 4249 4390
292: 4706 4264 4405
293: 4722 4279 4421
294: 4739 4294 4436
295: 4755 4309 4452
296: 4771 4324 4467
297: 4788 4339 4483
298: 4804 4354 4498
299: 4821 4369 4514
300: 4837 4383 4529
301: 4853 4398 4545
302: 4870 4413 4560
303: 4886 4428 4576
304: 4902 4443 4591
305: 4919 4458 4606
306: 4935 4472 4622
307: 4951 4487 4637
308: 4968 4502 4653
309: 4984 4517 4668
310: 5000 4532 4683
311: 5017 4546 4699
312: 5033 4561 4714
313: 5049 4576 4730
314: 5066 4591 4745
315: 5082 4605 4760
316: 5099 4620 4776
317: 5115 4635 4791
318: 5131 4650 4807
319: 5148 4664 4822
320: 5164 4679 4837
321: 5180 4694 4853
322: 5197 4709 4868
323: 5213 4723 4883
324: 5230 4738 4899
325: 5246 4753 4914
326: 5262 4768 4930
327: 5279 4782 4945
328: 5295 4797 4960
329: 5311 4812 4976
330: 5328 4826 4991
331: 5344 4841 5007
332: 5361 4856 5022
333: 5377 4871 5037
334: 5393 4885 5053
335: 5410 4900 5068
336: 5426 4915 5084
337: 5443 4930 5099
338: 5459 4944 5114
339: 5475 4959 5130
340: 5492 4974 5145
341: 5508 4989 5161
342: 5525 5003 5176
343: 5541 5018 5192
344: 5557 5033 5207
345: 5574 5048 5223
346: 5590 5063 5238
347: 5606 5077 5254
348: 5623 5092 5269
349: 5639 5107 5284
350: 5656 5122 5300
351: 5672 5137 5315
352: 5688 5152 5331
353: 5705 5166 5346
354: 5721 5181 5362
355: 5737 5196 5377
356: 5754 5211 5393
357: 5770 5226 5408
358: 5786 5241 5424
359: 5803 5256 5439
360: 5819 5270 5455
361: 5835 5285 5470
362: 5852 5300 5486
363: 5868 5315 5501
364: 5884 5330 5517
365: 5900 5345 5532
366: 5917 5360 5548
367: 5933 5375 5563
368: 5949 5390 5579
369: 5966 5404 5594
370: 5982 5419 5610
371: 5998 5434 5625
372: 6014 5449 5641
373: 6030 5464 5656
374: 6047 5479 5672
375: 6063 5494 5687
376: 6079 5509 5703
377: 6095 5524 5718
378: 6111 5539 5734
379: 6128 5553 5749
380: 6144 5568 5764
381: 6160 5583 5780
382: 6176 5598 5795
383: 6192 5613 5811
384: 6208 5628 5826
385: 6224 5643 5842
386: 6241 5658 5857
387: 6257 5673 5873
388: 6273 5688 5888
389: 6289 5703 5904
390: 6305 5718 5919
391: 6321 5732 5934
392: 6337 5747 5950
393: 6353 5762 5965
394: 6369 5777 5981
395: 6385 5792 5996
396: 6401 5807 6011
397: 6417 5822 6027
398: 6433 5837 6042
399: 6449 5852 6058
400: 6465 5867 6073
401: 6481 5881 6088
402: 6496 5896 6104
403: 6512 5911 6119
404: 6528 5926 6134
405: 6544 5941 6150
406: 6560 5956 6165
407: 6576 5971 6180
408: 6592 5986 6196
409: 6608 6001 6211
410: 6623 6015 6226
411: 6639 6030 6242
412: 6655 6045 6257
413: 6671 6060 6272
414: 6687 6075 6288
415: 6703 6090 6303
416: 6718 6105 6318
417: 6734 6119 6333
418: 6750 6134 6349
419: 6766 6149 6364
420: 6781 6164 6379
421: 6797 6179 6394
422: 6813 6194 6409
423: 6829 6208 6425
424: 6844 6223 6440
425: 6860 6238 6455
426: 6876 6253 6470
427: 6892 6267 6485
428: 6907 6282 6500
429: 6923 6297 6516
430: 6939 6312 6531
431: 6954 6327 6546
432: 6970 6341 6561
433: 6986 6356 6576
434: 7002 6371 6591
435: 7017 6386 6606
436: 7033 6400 6622
437: 7048 6415 6637
438: 7064 6430 6652
439: 7080 6444 6667
440: 7095 6459 6682
441: 7111 6474 6697
442: 7127 6489 6712
443: 7142 6503 6727
444: 7158 6518 6742
445: 7174 6533 6757
446: 7189 6547 6772
447: 7205 6562 6787
448: 7220 6577 6802
449: 7236 6591 6817
450: 7252 6606 6832
451: 7267 6621 6848
452: 7283 6635 6863
453: 7298 6650 6878
454: 7314 6664 6893
455: 7329 6679 6908
456: 7345 6694 6923
457: 7360 6708 6938
458: 7376 6723 6953
459: 7392 6738 6968
460: 7407 6752 6983
461: 7423 6767 6998
462: 7438 6781 7013
463: 7454 6796 7028
464: 7469 6811 7043
465: 7485 6825 7058
466: 7500 6840 7072
467: 7516 6854 7087
468: 7531 6869 7102
469: 7547 6884 7117
470: 7562 6898 7132
471: 7578 6913 7147
472: 7593 6927 7162
473: 7609 6942 7177
474: 7624 6956 7192
475: 7640 6971 7207
476: 7655 6986 7222
477: 7671 7000 7237
478: 7686 7015 7252
479: 7702 7029 7267
480: 7717 7044 7282
481: 7733 7058 7297
482: 7748 7073 7311
483: 7764 7087 7326
484: 7779 7102 7341
485: 7794 7117 7356
486: 7810 7131 7371
487: 7825 7146 7386
488: 7841 7160 7401
489: 7856 7175 7416
490: 7872 7189 7431
491: 7887 7204 7446
492: 7903 7218 7460
493: 7918 7233 7475
494: 7934 7247 7490
495: 7949 7262 7505
496: 7964 7276 7520
497: 7980 7291 7535
498: 7995 7305 7550
499: 8011 7320 7565
500: 8026 7334 7579
501: 8042 7349 7594
502: 8057 7363 7609
503: 8072 7378 7624
504: 8088 7392 7639
505: 8103 7407 7654
506: 8119 7421 7669
507: 8134 7436 7683
508: 8150 7450 7698
509: 8165 7465 7713
510: 8181 7479 7728
511: 8196 7494 7743
512: 8211 7508 7758
513: 8227 7523 7773
514: 8242 7537 7787
515: 8258 7552 7802
516: 8273 7566 7817
517: 8288 7581 7832
518: 8304 7595 7847
519: 8319 7610 7862
520: 8335 7624 7877
521: 8350 7639 7891
522: 8365 7653 7906
523: 8381 7668 7921
524: 8396 7682 7936
525: 8411 7697 7951
526: 8426 7711 7966
527: 8442 7726 7980
528: 8457 7740 7995
529: 8472 7755 8010
530: 8487 7769 8025
531: 8503 7784 8040
532: 8518 7798 8055
533: 8533 7813 8069
534: 8548 7827 8084
535: 8564 7842 8099
536: 8579 7856 8114
537: 8594 7871 8129
538: 8609 7885 8144
539: 8624 7900 8159
540: 8639 7914 8173
541: 8655 7929 8188
542: 8670 7943 8203
543: 8685 7958 8218
544: 8700 7972 8233
545: 8715 7987 8248
546: 8730 8001 8262
547: 8745 8016 8277
548: 8760 8030 8292
549: 8776 8045 8307
550: 8791 8059 8322
551: 8806 8074 8336
552: 8821 8088 8351
553: 8836 8103 8366
554: 8851 8117 8381
555: 8866 8132 8395
556: 8881 8146 8410
557: 8896 8161 8425
558: 8911 8175 8440
559: 8926 8190 8454
560: 8941 8204 8469
561: 8956 8219 8484
562: 8972 8233 8498
563: 8987 8248 8513
564: 9002 8262 8528
565: 9017 8277 8542
566: 9032 8291 8557
567: 9047 8306 8572
568: 9062 8320 8586
569: 9077 8335 8601
570: 9092 8349 8616
571: 9107 8363 8630
572: 9122 8378 8645
573: 9137 8392 8660
574: 9152 8407 8674
575: 9167 8421 8689
576: 9182 8436 8703
577: 9197 8450 8718
578: 9212 8464 8733
579: 9228 8479 8747
580: 9243 8493 8762
581: 9258 8508 8776
582: 9273 8522 8791
583: 9288 8536 8806
584: 9303 8551 8820
585: 9318 8565 8835
586: 9333 8579 8849
587: 9348 8594 8864
588: 9363 8608 8878
589: 9378 8622 8893
590: 9393 8637 8908
591: 9409 8651 8922
592: 9424 8665 8937
593: 9439 8680 8951
594: 9454 8694 8966
595: 9469 8708 8980
596: 9484 8723 8995
597: 9499 8737 9009
598: 9515 8751 9024
599: 9530 8766 9039
600: 9545 8780 9053
601: 9560 8794 9068
602: 9575 8808 9082
603: 9590 8823 9097
604: 9606 8837 9111
605: 9621 8851 9126
606: 9636 8866 9140
607: 9651 8880 9155
608: 9667 8894 9170
609: 9682 8909 9184
610: 9697 8923 9199
611: 9712 8937 9213
612: 9728 8951 9228
613: 9743 8966 9242
614: 9758 8980 9257
615: 9774 8994 9272
616: 9789 9009 9286
617: 9804 9023 9301
618: 9820 9037 9315
619: 9835 9051 9330
620: 9850 9066 9345
621: 9866 9080 9359
622: 9881 9094 9374
623: 9897 9109 9388
624: 9912 9123 9403
625: 9927 9137 9418
626: 9943 9152 9432
627: 9958 9166 9447
628: 9974 9180 9462
629: 9989 9195 9476
630: 10005 9209 9491
631: 10020 9223 9506
632: 10036 9238 9520
633: 10052 9252 9535
634: 10067 9266 9550
635: 10083 9281 9564
636: 10098 9295 9579
637: 10114 9309 9594
638: 10130 9324 9609
639: 10145 9338 9623
640: 10161 9352 9638
641: 10177 9367 9653
642: 10192 9381 9667
643: 10208 9395 9682
644: 10224 9410 9697
645: 10240 9424 9712
646: 10255 9439 9727
647: 10271 9453 9741
648: 10287 9467 9756
649: 10303 9482 9771
650: 10319 9496 9786
651: 10335 9511 9801
652: 10351 9525 9816
653: 10367 9540 9830
654: 10383 9554 9845
655: 10399 9568 9860
656: 10415 9583 9875
657: 10431 9597 9890
658: 10447 9612 9905
659: 10463 9626 9920
660: 10479 9641 9935
661: 10495 9655 9950
662: 10511 9670 9965
663: 10528 9685 9980
664: 10544 9699 9995
665: 10560 9714 10010
666: 10576 9728 10025
667: 10593 9743 10040
668: 10609 9757 10055
669: 10625 9772 10070
670: 10642 9787 10085
671: 10658 9801 10100
672: 10674 9816 10115
673: 10691 9830 10130
674: 10707 9845 10146
675: 10723 9860 10161
676: 10740 9874 10176
677: 10756 9889 10191
678: 10773 9904 10206
679: 10789 9918 10222
680: 10806 9933 10237
681: 10822 9948 10252
682: 10839 9963 10267
683: 10855 9977 10283
684: 10872 9992 10298
685: 10888 10007 10313
686: 10905 10022 10329
687: 10921 10037 10344
688: 10938 10051 10359
689: 10955 10066 10375
690: 10971 10081 10390
691: 10988 10096 10406
692: 11004 10111 10421
693: 11021 10126 10437
694: 11037 10141 10452
695: 11054 10156 10468
696: 11071 10171 10484
697: 11087 10186 10499
698: 11104 10201 10515
699: 11121 10216 10531
700: 11137 10231 10546
701: 11154 10246 10562
702: 11170 10261 10578
703: 11187 10276 10593
704: 11204 10291 10609
705: 11220 10306 10625
706: 11237 10321 10641
707: 11254 10336 10657
708: 11270 10351 10672
709: 11287 10367 10688
710: 11303 10382 10704
711: 11320 10397 10720
712: 11337 10412 10736
713: 11353 10428 10752
714: 11370 10443 10768
715: 11386 10458 10784
716: 11403 10474 10799
717: 11420 10489 10815
718: 11436 10505 10831
719: 11453 10520 10847
720: 11469 10535 10863
721: 11486 10551 10879
722: 11502 10566 10895
723: 11519 10582 10911
724: 11535 10597 10927
725: 11552 10613 10943
726: 11568 10628 10959
727: 11585 10644 10975
728: 11601 10660 10991
729: 11618 10675 11007
730: 11634 10691 11023
731: 11651 10706 11039
732: 11667 10722 11056
733: 11684 10738 11072
734: 11700 10753 11088
735: 11716 10769 11104
736: 11733 10785 11120
737: 11749 10801 11136
738: 11765 10816 11152
739: 11782 10832 11168
740: 11798 10848 11184
741: 11814 10864 11200
742: 11830 10879 11216
743: 11847 10895 11232
744: 11863 10911 11248
745: 11879 10927 11264
746: 11895 10942 11280
747: 11911 10958 11296
748: 11928 10974 11313
749: 11944 10990 11329
750: 11960 11006 11345
751: 11976 11022 11361
752: 11992 11037 11377
753: 12008 11053 11393
754: 12024 11069 11409
755: 12040 11085 11425
756: 12056 11101 11441
757: 12072 11117 11457
758: 12088 11133 11473
759: 12104 11148 11489
760: 12120 11164 11505
761: 12136 11180 11521
762: 12151 11196 11537
763: 12167 11212 11553
764: 12183 11228 11569
765: 12199 11244 11585
766: 12215 11260 11600
767: 12231 11275 11616
768: 12246 11291 11632
769: 12262 11307 11648
770: 12278 11323 11664
771: 12294 11339 11680
772: 12310 11355 11696
773: 12325 11371 11711
774: 12341 11387 11727
775: 12357 11402 11743
776: 12372 11418 11759
777: 12388 11434 11775
778: 12404 11450 11790
779: 12420 11466 11806
780: 12435 11482 11822
781: 12451 11497 11837
782: 12467 11513 11853
783: 12482 11529 11869
784: 12498 11545 11884
785: 12513 11561 11900
786: 12529 11576 11916
787: 12545 11592 11931
788: 12560 11608 11947
789: 12576 11624 11962
790: 12592 11639 11978
791: 12607 11655 11993
792: 12623 11671 12009
793: 12638 11687 12024
794: 12654 11702 12040
795: 12670 11718 12055
796: 12685 11734 12070
797: 12701 11749 12086
798: 12716 11765 12101
799: 12732 11781 12117
800: 12748 11796 12132
801: 12763 11812 12147
802: 12779 11827 12163
803: 12794 11843 12178
804: 12810 11858 12193
805: 12825 11874 12209
806: 12841 11889 12224
807: 12857 11905 12239
808: 12872 11920 12255
809: 12888 11936 12270
810: 12903 11951 12285
811: 12919 11967 12300
812: 12935 11982 12316
813: 12950 11997 12331
814: 12966 12013 12346
815: 12981 12028 12361
816: 12997 12044 12377
817: 13013 12059 12392
818: 13028 12074 12407
819: 13044 12090 12422
820: 13060 12105 12437
821: 13075 12120 12453
822: 13091 12135 12468
823: 13106 12151 12483
824: 13122 12166 12498
825: 13138 12181 12513
826: 13153 12196 12528
827: 13169 12212 12543
828: 13185 12227 12559
829: 13201 12242 12574
830: 13216 12257 12589
831: 13232 12272 12604
832: 13248 12288 12619
833: 13263 12303 12634
834: 13279 12318 12649
835: 13295 12333 12664
836: 13311 12348 12680
837: 13327 12363 12695
838: 13342 12378 12710
839: 13358 12394 12725
840: 13374 12409 12740
841: 13390 12424 12755
842: 13406 12439 12770
843: 13422 12454 12785
844: 13437 12469 12800
845: 13453 12484 12815
846: 13469 12499 12830
847: 13485 12514 12845
848: 13501 12529 12860
849: 13517 12544 12876
850: 13533 12560 12891
851: 13549 12575 12906
852: 13565 12590 12921
853: 13581 12605 12936
854: 13597 12620 12951
855: 13613 12635 12966
856: 13629 12650 12981
857: 13645 12665 12996
858: 13662 12680 13011
859: 13678 12695 13026
860: 13694 12710 13041
861: 13710 12725 13056
862: 13726 12740 13072
863: 13742 12755 13087
864: 13759 12770 13102
865: 13775 12785 13117
866: 13791 12800 13132
867: 13808 12815 13147
868: 13824 12830 13162
869: 13840 12845 13177
870: 13857 12860 13192
871: 13873 12875 13207
872: 13890 12890 13222
873: 13906 12905 13238
874: 13923 12920 13253
875: 13939 12936 13268
876: 13956 12951 13283
877: 13972 12966 13298
878: 13989 12981 13313
879: 14005 12996 13328
880: 14022 13011 13344
881: 14039 13026 13359
882: 14055 13041 13374
883: 14072 13056 13389
884: 14089 13071 13404
885: 14105 13086 13419
886: 14122 13101 13435
887: 14139 13116 13450
888: 14156 13132 13465
889: 14172 13147 13480
890: 14189 13162 13496
891: 14206 13177 13511
892: 14223 13192 13526
893: 14240 13207 13541
894: 14257 13222 13557
895: 14273 13237 13572
896: 14290 13253 13587
897: 14307 13268 13602
898: 14324 13283 13618
899: 14341 13298 13633
900: 14358 13313 13648
901: 14375 13329 13664
902: 14392 13344 13679
903: 14409 13359 13694
904: 14426 13374 13710
905: 14443 13389 13725
906: 14460 13405 13741
907: 14477 13420 13756
908: 14494 13435 13771
909: 14511 13451 13787
910: 14528 13466 13802
911: 14545 13481 13818
912: 14562 13497 13833
913: 14579 13512 13849
914: 14596 13527 13865
915: 14613 13543 13880
916: 14630 13558 13896
917: 14647 13573 13911
918: 14664 13589 13927
919: 14681 13604 13943
920: 14698 13620 13959
921: 14715 13635 13974
922: 14732 13651 13990
923: 14749 13666 14006
924: 14766 13682 14022
925: 14783 13697 14037
926: 14800 13713 14053
927: 14817 13728 14069
928: 14834 13744 14085
929: 14851 13759 14101
930: 14868 13775 14117
931: 14885 13791 14133
932: 14902 13806 14149
933: 14919 13822 14165
934: 14936 13838 14181
935: 14953 13853 14197
936: 14970 13869 14213
937: 14987 13885 14228
938: 15004 13901 14244
939: 15021 13917 14260
940: 15038 13932 14277
941: 15055 13948 14293
942: 15072 13964 14309
943: 15089 13980 14325
944: 15106 13996 14341
945: 15122 14012 14357
946: 15139 14028 14373
947: 15156 14044 14389
948: 15173 14060 14405
949: 15190 14076 14421
950: 15207 14092 14437
951: 15224 14108 14453
952: 15240 14124 14469
953: 15257 14140 14485
954: 15274 14156 14501
955: 15291 14173 14517
956: 15307 14189 14534
957: 15324 14205 14550
958: 15341 14221 14566
959: 15357 14237 14582
960: 15374 14253 14598
961: 15391 14270 14614
962: 15407 14286 14630
963: 15424 14302 14646
964: 15441 14318 14662
965: 15457 14335 14678
966: 15474 14351 14694
967: 15490 14367 14710
968: 15507 14383 14726
969: 15523 14400 14742
970: 15540 14416 14758
971: 15556 14432 14774
972: 15572 14449 14790
973: 15589 14465 14806
974: 15605 14481 14822
975: 15621 14498 14838
976: 15638 14514 14854
977: 15654 14530 14870
978: 15670 14546 14886
979: 15686 14563 14902
980: 15703 14579 14918
981: 15719 14595 14934
982: 15735 14612 14950
983: 15751 14628 14965
984: 15767 14644 14981
985: 15783 14661 14997
986: 15800 14677 15013
987: 15816 14693 15029
988: 15832 14710 15044
989: 15848 14726 15060
990: 15864 14742 15076
991: 15880 14759 15091
992: 15896 14775 15107
993: 15911 14791 15123
994: 15927 14808 15138
995: 15943 14824 15154
996: 15959 14840 15169
997: 15974 14857 15185
998: 15990 14873 15200
999: 16006 14889 15216
1000: 16021 14905 15231
1001: 16037 14922 15247
1002: 16052 14938 15262
1003: 16067 14954 15278
1004: 16082 14970 15293
1005: 16097 14986 15308
1006: 16112 15003 15324
1007: 16127 15019 15339
1008: 16142 15035 15354
1009: 16156 15051 15369
1010: 16171 15067 15384
1011: 16186 15083 15400
1012: 16200 15100 15415
1013: 16215 15116 15430
1014: 16230 15132 15445
1015: 16245 15148 15460
1016: 16260 15164 15475
1017: 16275 15180 15490
1018: 16290 15196 15504
1019: 16306 15212 15519
1020: 16321 15228 15534
1021: 16336 15244 15549
1022: 16352 15260 15563
1023: 16367 15276 15578
1024: 16383 15291 15593